[gd_scene load_steps=15 format=3 uid="uid://dv3dre4kfhpoq"]

[ext_resource type="PackedScene" uid="uid://dwswov2os56ep" path="res://assets/3d props/desk_3d.tscn" id="1_nmlih"]
[ext_resource type="PackedScene" uid="uid://dc0ldkpfxql2q" path="res://assets/3d props/plant_3d.tscn" id="2_vahvc"]
[ext_resource type="PackedScene" uid="uid://be8bvmr4tnhav" path="res://assets/3d props/window_3d.tscn" id="3_l7ipd"]
[ext_resource type="PackedScene" uid="uid://cwanf55yidhvj" path="res://assets/3d props/lamp_3d.tscn" id="3_rjmvp"]
[ext_resource type="Material" uid="uid://dayc5kf5754rx" path="res://assets/3d props/mat_floor.tres" id="3_w72eo"]
[ext_resource type="Script" path="res://assets/desk/cam_tilt.gd" id="4_0ck5q"]
[ext_resource type="Material" uid="uid://3uy2dw00ch5k" path="res://assets/3d props/mat_walls.tres" id="4_1ah4m"]
[ext_resource type="PackedScene" uid="uid://euqv2h8ti71q" path="res://assets/3d props/picture_frame_3d.tscn" id="4_x3o8c"]
[ext_resource type="PackedScene" uid="uid://dg6mkoca4x0ir" path="res://assets/3d props/pencil_3d.tscn" id="9_bdtqu"]

[sub_resource type="Environment" id="Environment_cjsaa"]
background_mode = 1
background_color = Color(1, 0.946667, 0.68, 1)
ambient_light_source = 2
ambient_light_color = Color(0.94, 0.8272, 0.658, 1)
ambient_light_energy = 0.25

[sub_resource type="PlaneMesh" id="PlaneMesh_0vaov"]
material = ExtResource("3_w72eo")
size = Vector2(32, 16)

[sub_resource type="PlaneMesh" id="PlaneMesh_r7pj8"]
size = Vector2(8.605, 11.46)

[sub_resource type="StandardMaterial3D" id="StandardMaterial3D_38v37"]
albedo_color = Color(0.71, 0.632373, 0.5964, 1)

[sub_resource type="BoxMesh" id="BoxMesh_txaal"]
material = SubResource("StandardMaterial3D_38v37")
size = Vector3(32, 1, 1)

[node name="DeskScene" type="Node3D"]

[node name="WorldEnvironment" type="WorldEnvironment" parent="."]
environment = SubResource("Environment_cjsaa")

[node name="DirectionalLight3D" type="DirectionalLight3D" parent="."]
transform = Transform3D(1, 0, 0, 0, -4.37114e-08, 1, 0, -1, -4.37114e-08, 0, 2.72026, 0)
light_energy = 0.4

[node name="Desk3d" parent="." instance=ExtResource("1_nmlih")]

[node name="OmniLight3D" type="OmniLight3D" parent="."]
transform = Transform3D(1, 0, 0, 0, 1, 0, 0, 0, 1, 1.71542, 3.814, -0.254)
light_energy = 6.733
shadow_enabled = true
omni_range = 7.485

[node name="Plant3d" parent="." instance=ExtResource("2_vahvc")]
transform = Transform3D(1, 0, 0, 0, 0.965926, -0.258819, 0, 0.258819, 0.965926, -0.405259, 0.392, -3.52356)

[node name="Lamp3d" parent="." instance=ExtResource("3_rjmvp")]
transform = Transform3D(0.82, 0, 0, 0, 0.82, 0, 0, 0, 0.82, 3.99177, 4.643, -0.357335)

[node name="PictureFrame3d" parent="." instance=ExtResource("4_x3o8c")]
transform = Transform3D(0.994598, 0.066721, 0.079515, 0, 0.766045, -0.642788, -0.103799, 0.639315, 0.761907, -3.33807, 1.13796, -2.34352)

[node name="Window3d" parent="." instance=ExtResource("3_l7ipd")]
transform = Transform3D(1, 0, 0, 0, 0.642788, -0.766044, 0, 0.766044, 0.642788, -0.0849773, 0, -5.79018)

[node name="Pencil3d" parent="." instance=ExtResource("9_bdtqu")]
transform = Transform3D(1, 0, 0, 0, 1, 0, 0, 0, 1, 1.86963, 0.196, 0.844447)

[node name="Pencil3d2" parent="." instance=ExtResource("9_bdtqu")]
transform = Transform3D(0.747044, 0, -0.664774, 0, 1, 0, 0.664774, 0, 0.747044, -1.53203, 0.196, 0.80656)

[node name="Pencil3d3" parent="." instance=ExtResource("9_bdtqu")]
transform = Transform3D(0.375205, 0, -0.926942, 0, 1, 0, 0.926942, 0, 0.375205, 0.0061003, 0.196, -0.386872)

[node name="floor" type="MeshInstance3D" parent="."]
transform = Transform3D(1, 0, 0, 0, 1, 0, 0, 0, 1, 0, -4.31163, 2.49397)
mesh = SubResource("PlaneMesh_0vaov")

[node name="wall_r" type="MeshInstance3D" parent="."]
transform = Transform3D(1, 0, 0, 0, 0.642788, -0.766044, 0, 0.766044, 0.642788, 9.70302, 0.000394996, -5.90016)
material_override = ExtResource("4_1ah4m")
mesh = SubResource("PlaneMesh_r7pj8")

[node name="wall_l" type="MeshInstance3D" parent="."]
transform = Transform3D(1, 0, 0, 0, 0.642788, -0.766044, 0, 0.766044, 0.642788, -9.8575, 3.57628e-07, -5.90005)
material_override = ExtResource("4_1ah4m")
mesh = SubResource("PlaneMesh_r7pj8")

[node name="wall trim" type="MeshInstance3D" parent="."]
transform = Transform3D(1, 0, 0, 0, 0.774072, -0.633097, 0, 0.633097, 0.774072, 0, -4.32405, -2.23713)
mesh = SubResource("BoxMesh_txaal")

[node name="Camera3D" type="Camera3D" parent="."]
transform = Transform3D(1, 0, 0, 0, 0.5, 0.866025, 0, -0.866025, 0.5, 0, 12.0043, 5.14528)
fov = 44.2
script = ExtResource("4_0ck5q")
intensity = 0.001
